-4             -4   -7.87291e-06
-4           -3.8   -1.63158e-05
-4           -3.6    -3.2397e-05
-4           -3.4   -6.16152e-05
-4           -3.2     -0.0001122
-4             -3   -0.000195536
-4           -2.8   -0.000325953
-4           -2.6   -0.000519384
-4           -2.4   -0.000790449
-4           -2.2    -0.00114779
-4             -2    -0.00158808
-4           -1.8       -0.00209
-4           -1.6    -0.00261008
-4           -1.4    -0.00308284
-4           -1.2    -0.00342705
-4             -1    -0.00355864
-4           -0.8    -0.00340837
-4           -0.6    -0.00294042
-4           -0.4    -0.00216644
-4           -0.2     -0.0011502
-4              0              0
-4            0.2      0.0011502
-4            0.4     0.00216644
-4            0.6     0.00294042
-4            0.8     0.00340837
-4              1     0.00355864
-4            1.2     0.00342705
-4            1.4     0.00308284
-4            1.6     0.00261008
-4            1.8        0.00209
-4              2     0.00158808
-4            2.2     0.00114779
-4            2.4    0.000790449
-4            2.6    0.000519384
-4            2.8    0.000325953
-4              3    0.000195536
-4            3.2      0.0001122
-4            3.4    6.16152e-05
-4            3.6     3.2397e-05
-4            3.8    1.63158e-05
-4              4    7.87291e-06
-3.8             -4    -1.5446e-05
-3.8           -3.8   -3.20103e-05
-3.8           -3.6   -6.35603e-05
-3.8           -3.4   -0.000120884
-3.8           -3.2   -0.000220127
-3.8             -3   -0.000383626
-3.8           -2.8   -0.000639492
-3.8           -2.6    -0.00101899
-3.8           -2.4     -0.0015508
-3.8           -2.2    -0.00225186
-3.8             -2    -0.00311568
-3.8           -1.8    -0.00410041
-3.8           -1.6    -0.00512076
-3.8           -1.4    -0.00604827
-3.8           -1.2    -0.00672358
-3.8             -1    -0.00698175
-3.8           -0.8    -0.00668694
-3.8           -0.6    -0.00576886
-3.8           -0.4    -0.00425038
-3.8           -0.2    -0.00225661
-3.8              0              0
-3.8            0.2     0.00225661
-3.8            0.4     0.00425038
-3.8            0.6     0.00576886
-3.8            0.8     0.00668694
-3.8              1     0.00698175
-3.8            1.2     0.00672358
-3.8            1.4     0.00604827
-3.8            1.6     0.00512076
-3.8            1.8     0.00410041
-3.8              2     0.00311568
-3.8            2.2     0.00225186
-3.8            2.4      0.0015508
-3.8            2.6     0.00101899
-3.8            2.8    0.000639492
-3.8              3    0.000383626
-3.8            3.2    0.000220127
-3.8            3.4    0.000120884
-3.8            3.6    6.35603e-05
-3.8            3.8    3.20103e-05
-3.8              4     1.5446e-05
-3.6             -4   -2.89367e-05
-3.6           -3.8   -5.99684e-05
-3.6           -3.6   -0.000119075
-3.6           -3.4   -0.000226465
-3.6           -3.2   -0.000412389
-3.6             -3   -0.000718689
-3.6           -2.8    -0.00119803
-3.6           -2.6    -0.00190899
-3.6           -2.4    -0.00290528
-3.6           -2.2    -0.00421866
-3.6             -2    -0.00583695
-3.6           -1.8    -0.00768175
-3.6           -1.6     -0.0095933
-3.6           -1.4     -0.0113309
-3.6           -1.2      -0.012596
-3.6             -1     -0.0130797
-3.6           -0.8     -0.0125274
-3.6           -0.6     -0.0108074
-3.6           -0.4    -0.00796272
-3.6           -0.2    -0.00422755
-3.6              0              0
-3.6            0.2     0.00422755
-3.6            0.4     0.00796272
-3.6            0.6      0.0108074
-3.6            0.8      0.0125274
-3.6              1      0.0130797
-3.6            1.2       0.012596
-3.6            1.4      0.0113309
-3.6            1.6      0.0095933
-3.6            1.8     0.00768175
-3.6              2     0.00583695
-3.6            2.2     0.00421866
-3.6            2.4     0.00290528
-3.6            2.6     0.00190899
-3.6            2.8     0.00119803
-3.6              3    0.000718689
-3.6            3.2    0.000412389
-3.6            3.4    0.000226465
-3.6            3.6    0.000119075
-3.6            3.8    5.99684e-05
-3.6              4    2.89367e-05
-3.4             -4    -5.1724e-05
-3.4           -3.8   -0.000107193
-3.4           -3.6   -0.000212844
-3.4           -3.4   -0.000404804
-3.4           -3.2   -0.000737141
-3.4             -3    -0.00128465
-3.4           -2.8    -0.00214147
-3.4           -2.6    -0.00341229
-3.4           -2.4    -0.00519315
-3.4           -2.2    -0.00754081
-3.4             -2     -0.0104335
-3.4           -1.8      -0.013731
-3.4           -1.6     -0.0171479
-3.4           -1.4     -0.0202538
-3.4           -1.2     -0.0225153
-3.4             -1     -0.0233798
-3.4           -0.8     -0.0223926
-3.4           -0.6     -0.0193182
-3.4           -0.4     -0.0142333
-3.4           -0.2     -0.0075567
-3.4              0              0
-3.4            0.2      0.0075567
-3.4            0.4      0.0142333
-3.4            0.6      0.0193182
-3.4            0.8      0.0223926
-3.4              1      0.0233798
-3.4            1.2      0.0225153
-3.4            1.4      0.0202538
-3.4            1.6      0.0171479
-3.4            1.8       0.013731
-3.4              2      0.0104335
-3.4            2.2     0.00754081
-3.4            2.4     0.00519315
-3.4            2.6     0.00341229
-3.4            2.8     0.00214147
-3.4              3     0.00128465
-3.4            3.2    0.000737141
-3.4            3.4    0.000404804
-3.4            3.6    0.000212844
-3.4            3.8    0.000107193
-3.4              4     5.1724e-05
-3.2             -4   -8.81313e-05
-3.2           -3.8   -0.000182643
-3.2           -3.6   -0.000362661
-3.2           -3.4   -0.000689736
-3.2           -3.2      -0.001256
-3.2             -3    -0.00218888
-3.2           -2.8     -0.0036488
-3.2           -2.6    -0.00581412
-3.2           -2.4    -0.00884849
-3.2           -2.2     -0.0128486
-3.2             -2     -0.0177774
-3.2           -1.8      -0.023396
-3.2           -1.6     -0.0292179
-3.2           -1.4     -0.0345101
-3.2           -1.2     -0.0383633
-3.2             -1     -0.0398363
-3.2           -0.8     -0.0381542
-3.2           -0.6     -0.0329158
-3.2           -0.4     -0.0242517
-3.2           -0.2     -0.0128757
-3.2              0              0
-3.2            0.2      0.0128757
-3.2            0.4      0.0242517
-3.2            0.6      0.0329158
-3.2            0.8      0.0381542
-3.2              1      0.0398363
-3.2            1.2      0.0383633
-3.2            1.4      0.0345101
-3.2            1.6      0.0292179
-3.2            1.8       0.023396
-3.2              2      0.0177774
-3.2            2.2      0.0128486
-3.2            2.4     0.00884849
-3.2            2.6     0.00581412
-3.2            2.8      0.0036488
-3.2              3     0.00218888
-3.2            3.2       0.001256
-3.2            3.4    0.000689736
-3.2            3.6    0.000362661
-3.2            3.8    0.000182643
-3.2              4    8.81313e-05
-3             -4   -0.000142973
-3           -3.8   -0.000296296
-3           -3.6   -0.000588333
-3           -3.4    -0.00111894
-3           -3.2    -0.00203756
-3             -3    -0.00355095
-3           -2.8    -0.00591933
-3           -2.6    -0.00943207
-3           -2.4     -0.0143546
-3           -2.2     -0.0208439
-3             -2     -0.0288396
-3           -1.8     -0.0379546
-3           -1.6     -0.0473993
-3           -1.4     -0.0559846
-3           -1.2     -0.0622355
-3             -1     -0.0646252
-3           -0.8     -0.0618963
-3           -0.6     -0.0533983
-3           -0.4     -0.0393428
-3           -0.2     -0.0208878
-3              0              0
-3            0.2      0.0208878
-3            0.4      0.0393428
-3            0.6      0.0533983
-3            0.8      0.0618963
-3              1      0.0646252
-3            1.2      0.0622355
-3            1.4      0.0559846
-3            1.6      0.0473993
-3            1.8      0.0379546
-3              2      0.0288396
-3            2.2      0.0208439
-3            2.4      0.0143546
-3            2.6     0.00943207
-3            2.8     0.00591933
-3              3     0.00355095
-3            3.2     0.00203756
-3            3.4     0.00111894
-3            3.6    0.000588333
-3            3.8    0.000296296
-3              4    0.000142973
-2.8             -4   -0.000220506
-2.8           -3.8   -0.000456977
-2.8           -3.6   -0.000907384
-2.8           -3.4    -0.00172573
-2.8           -3.2    -0.00314253
-2.8             -3    -0.00547662
-2.8           -2.8    -0.00912936
-2.8           -2.6      -0.014547
-2.8           -2.4     -0.0221391
-2.8           -2.2     -0.0321475
-2.8             -2     -0.0444793
-2.8           -1.8     -0.0585372
-2.8           -1.6     -0.0731038
-2.8           -1.4     -0.0863448
-2.8           -1.2     -0.0959856
-2.8             -1     -0.0996712
-2.8           -0.8     -0.0954624
-2.8           -0.6      -0.082356
-2.8           -0.4     -0.0606783
-2.8           -0.2     -0.0322152
-2.8              0              0
-2.8            0.2      0.0322152
-2.8            0.4      0.0606783
-2.8            0.6       0.082356
-2.8            0.8      0.0954624
-2.8              1      0.0996712
-2.8            1.2      0.0959856
-2.8            1.4      0.0863448
-2.8            1.6      0.0731038
-2.8            1.8      0.0585372
-2.8              2      0.0444793
-2.8            2.2      0.0321475
-2.8            2.4      0.0221391
-2.8            2.6       0.014547
-2.8            2.8     0.00912936
-2.8              3     0.00547662
-2.8            3.2     0.00314253
-2.8            3.4     0.00172573
-2.8            3.6    0.000907384
-2.8            3.8    0.000456977
-2.8              4    0.000220506
-2.6             -4   -0.000322714
-2.6           -3.8   -0.000668793
-2.6           -3.6    -0.00132797
-2.6           -3.4    -0.00252564
-2.6           -3.2    -0.00459914
-2.6             -3    -0.00801512
-2.6           -2.8      -0.013361
-2.6           -2.6     -0.0212898
-2.6           -2.4     -0.0324009
-2.6           -2.2     -0.0470483
-2.6             -2     -0.0650961
-2.6           -1.8     -0.0856701
-2.6           -1.6      -0.106988
-2.6           -1.4      -0.126367
-2.6           -1.2      -0.140476
-2.6             -1       -0.14587
-2.6           -0.8      -0.139711
-2.6           -0.6      -0.120529
-2.6           -0.4     -0.0888036
-2.6           -0.2     -0.0471474
-2.6              0              0
-2.6            0.2      0.0471474
-2.6            0.4      0.0888036
-2.6            0.6       0.120529
-2.6            0.8       0.139711
-2.6              1        0.14587
-2.6            1.2       0.140476
-2.6            1.4       0.126367
-2.6            1.6       0.106988
-2.6            1.8      0.0856701
-2.6              2      0.0650961
-2.6            2.2      0.0470483
-2.6            2.4      0.0324009
-2.6            2.6      0.0212898
-2.6            2.8       0.013361
-2.6              3     0.00801512
-2.6            3.2     0.00459914
-2.6            3.4     0.00252564
-2.6            3.6     0.00132797
-2.6            3.8    0.000668793
-2.6              4    0.000322714
-2.4             -4   -0.000447071
-2.4           -3.8    -0.00092651
-2.4           -3.6     -0.0018397
-2.4           -3.4    -0.00349888
-2.4           -3.2     -0.0063714
-2.4             -3     -0.0111037
-2.4           -2.8     -0.0185096
-2.4           -2.6     -0.0294938
-2.4           -2.4     -0.0448865
-2.4           -2.2     -0.0651783
-2.4             -2     -0.0901807
-2.4           -1.8      -0.118683
-2.4           -1.6      -0.148216
-2.4           -1.4      -0.175062
-2.4           -1.2      -0.194609
-2.4             -1      -0.202081
-2.4           -0.8      -0.193548
-2.4           -0.6      -0.166975
-2.4           -0.4      -0.123024
-2.4           -0.2     -0.0653156
-2.4              0              0
-2.4            0.2      0.0653156
-2.4            0.4       0.123024
-2.4            0.6       0.166975
-2.4            0.8       0.193548
-2.4              1       0.202081
-2.4            1.2       0.194609
-2.4            1.4       0.175062
-2.4            1.6       0.148216
-2.4            1.8       0.118683
-2.4              2      0.0901807
-2.4            2.2      0.0651783
-2.4            2.4      0.0448865
-2.4            2.6      0.0294938
-2.4            2.8      0.0185096
-2.4              3      0.0111037
-2.4            3.2      0.0063714
-2.4            3.4     0.00349888
-2.4            3.6      0.0018397
-2.4            3.8     0.00092651
-2.4              4    0.000447071
-2.2             -4   -0.000584327
-2.2           -3.8    -0.00121096
-2.2           -3.6    -0.00240451
-2.2           -3.4    -0.00457308
-2.2           -3.2    -0.00832749
-2.2             -3     -0.0145127
-2.2           -2.8     -0.0241922
-2.2           -2.6     -0.0385487
-2.2           -2.4     -0.0586672
-2.2           -2.2     -0.0851887
-2.2             -2      -0.117867
-2.2           -1.8       -0.15512
-2.2           -1.6       -0.19372
-2.2           -1.4      -0.228808
-2.2           -1.2      -0.254356
-2.2             -1      -0.264122
-2.2           -0.8      -0.252969
-2.2           -0.6      -0.218238
-2.2           -0.4      -0.160794
-2.2           -0.2     -0.0853682
-2.2              0              0
-2.2            0.2      0.0853682
-2.2            0.4       0.160794
-2.2            0.6       0.218238
-2.2            0.8       0.252969
-2.2              1       0.264122
-2.2            1.2       0.254356
-2.2            1.4       0.228808
-2.2            1.6        0.19372
-2.2            1.8        0.15512
-2.2              2       0.117867
-2.2            2.2      0.0851887
-2.2            2.4      0.0586672
-2.2            2.6      0.0385487
-2.2            2.8      0.0241922
-2.2              3      0.0145127
-2.2            3.2     0.00832749
-2.2            3.4     0.00457308
-2.2            3.6     0.00240451
-2.2            3.8     0.00121096
-2.2              4    0.000584327
-2             -4   -0.000717197
-2           -3.8    -0.00148632
-2           -3.6    -0.00295127
-2           -3.4    -0.00561295
-2           -3.2     -0.0102211
-2             -3     -0.0178127
-2           -2.8     -0.0296933
-2           -2.6     -0.0473143
-2           -2.4     -0.0720074
-2           -2.2       -0.10456
-2             -2      -0.144669
-2           -1.8      -0.190392
-2           -1.6       -0.23777
-2           -1.4      -0.280837
-2           -1.2      -0.312193
-2             -1      -0.324181
-2           -0.8      -0.310492
-2           -0.6      -0.267863
-2           -0.4      -0.197356
-2           -0.2       -0.10478
-2              0              0
-2            0.2        0.10478
-2            0.4       0.197356
-2            0.6       0.267863
-2            0.8       0.310492
-2              1       0.324181
-2            1.2       0.312193
-2            1.4       0.280837
-2            1.6        0.23777
-2            1.8       0.190392
-2              2       0.144669
-2            2.2        0.10456
-2            2.4      0.0720074
-2            2.6      0.0473143
-2            2.8      0.0296933
-2              3      0.0178127
-2            3.2      0.0102211
-2            3.4     0.00561295
-2            3.6     0.00295127
-2            3.8     0.00148632
-2              4    0.000717197
-1.8             -4   -0.000821018
-1.8           -3.8    -0.00170148
-1.8           -3.6    -0.00337849
-1.8           -3.4    -0.00642548
-1.8           -3.2     -0.0117007
-1.8             -3     -0.0203913
-1.8           -2.8     -0.0339916
-1.8           -2.6     -0.0541635
-1.8           -2.4     -0.0824312
-1.8           -2.2      -0.119696
-1.8             -2      -0.165611
-1.8           -1.8      -0.217954
-1.8           -1.6       -0.27219
-1.8           -1.4       -0.32149
-1.8           -1.2      -0.357386
-1.8             -1      -0.371109
-1.8           -0.8      -0.355438
-1.8           -0.6      -0.306639
-1.8           -0.4      -0.225925
-1.8           -0.2      -0.119948
-1.8              0              0
-1.8            0.2       0.119948
-1.8            0.4       0.225925
-1.8            0.6       0.306639
-1.8            0.8       0.355438
-1.8              1       0.371109
-1.8            1.2       0.357386
-1.8            1.4        0.32149
-1.8            1.6        0.27219
-1.8            1.8       0.217954
-1.8              2       0.165611
-1.8            2.2       0.119696
-1.8            2.4      0.0824312
-1.8            2.6      0.0541635
-1.8            2.8      0.0339916
-1.8              3      0.0203913
-1.8            3.2      0.0117007
-1.8            3.4     0.00642548
-1.8            3.6     0.00337849
-1.8            3.8     0.00170148
-1.8              4    0.000821018
-1.6             -4    -0.00086722
-1.6           -3.8    -0.00179723
-1.6           -3.6    -0.00356861
-1.6           -3.4    -0.00678707
-1.6           -3.2     -0.0123591
-1.6             -3     -0.0215388
-1.6           -2.8     -0.0359045
-1.6           -2.6     -0.0572115
-1.6           -2.4       -0.08707
-1.6           -2.2      -0.126432
-1.6             -2      -0.174931
-1.6           -1.8      -0.230219
-1.6           -1.6      -0.287507
-1.6           -1.4      -0.339582
-1.6           -1.2      -0.377498
-1.6             -1      -0.391993
-1.6           -0.8       -0.37544
-1.6           -0.6      -0.323895
-1.6           -0.4      -0.238639
-1.6           -0.2      -0.126698
-1.6              0              0
-1.6            0.2       0.126698
-1.6            0.4       0.238639
-1.6            0.6       0.323895
-1.6            0.8        0.37544
-1.6              1       0.391993
-1.6            1.2       0.377498
-1.6            1.4       0.339582
-1.6            1.6       0.287507
-1.6            1.8       0.230219
-1.6              2       0.174931
-1.6            2.2       0.126432
-1.6            2.4        0.08707
-1.6            2.6      0.0572115
-1.6            2.8      0.0359045
-1.6              3      0.0215388
-1.6            3.2      0.0123591
-1.6            3.4     0.00678707
-1.6            3.6     0.00356861
-1.6            3.8     0.00179723
-1.6              4     0.00086722
-1.4             -4   -0.000829666
-1.4           -3.8     -0.0017194
-1.4           -3.6    -0.00341408
-1.4           -3.4    -0.00649316
-1.4           -3.2     -0.0118239
-1.4             -3     -0.0206061
-1.4           -2.8     -0.0343497
-1.4           -2.6      -0.054734
-1.4           -2.4     -0.0832995
-1.4           -2.2      -0.120957
-1.4             -2      -0.167356
-1.4           -1.8      -0.220249
-1.4           -1.6      -0.275057
-1.4           -1.4      -0.324877
-1.4           -1.2      -0.361151
-1.4             -1      -0.375018
-1.4           -0.8      -0.359182
-1.4           -0.6      -0.309869
-1.4           -0.4      -0.228305
-1.4           -0.2      -0.121211
-1.4              0              0
-1.4            0.2       0.121211
-1.4            0.4       0.228305
-1.4            0.6       0.309869
-1.4            0.8       0.359182
-1.4              1       0.375018
-1.4            1.2       0.361151
-1.4            1.4       0.324877
-1.4            1.6       0.275057
-1.4            1.8       0.220249
-1.4              2       0.167356
-1.4            2.2       0.120957
-1.4            2.4      0.0832995
-1.4            2.6       0.054734
-1.4            2.8      0.0343497
-1.4              3      0.0206061
-1.4            3.2      0.0118239
-1.4            3.4     0.00649316
-1.4            3.6     0.00341408
-1.4            3.8      0.0017194
-1.4              4    0.000829666
-1.2             -4   -0.000692779
-1.2           -3.8    -0.00143572
-1.2           -3.6    -0.00285079
-1.2           -3.4    -0.00542185
-1.2           -3.2    -0.00987309
-1.2             -3     -0.0172063
-1.2           -2.8     -0.0286823
-1.2           -2.6     -0.0457034
-1.2           -2.4     -0.0695559
-1.2           -2.2         -0.101
-1.2             -2      -0.139744
-1.2           -1.8       -0.18391
-1.2           -1.6      -0.229675
-1.2           -1.4      -0.271275
-1.2           -1.2      -0.301564
-1.2             -1      -0.313144
-1.2           -0.8      -0.299921
-1.2           -0.6      -0.258743
-1.2           -0.4      -0.190637
-1.2           -0.2      -0.101213
-1.2              0              0
-1.2            0.2       0.101213
-1.2            0.4       0.190637
-1.2            0.6       0.258743
-1.2            0.8       0.299921
-1.2              1       0.313144
-1.2            1.2       0.301564
-1.2            1.4       0.271275
-1.2            1.6       0.229675
-1.2            1.8        0.18391
-1.2              2       0.139744
-1.2            2.2          0.101
-1.2            2.4      0.0695559
-1.2            2.6      0.0457034
-1.2            2.8      0.0286823
-1.2              3      0.0172063
-1.2            3.2     0.00987309
-1.2            3.4     0.00542185
-1.2            3.6     0.00285079
-1.2            3.8     0.00143572
-1.2              4    0.000692779
-1             -4   -0.000459179
-1           -3.8   -0.000951602
-1           -3.6    -0.00188952
-1           -3.4    -0.00359364
-1           -3.2    -0.00654395
-1             -3     -0.0114044
-1           -2.8     -0.0190108
-1           -2.6     -0.0302925
-1           -2.4     -0.0461021
-1           -2.2     -0.0669434
-1             -2      -0.092623
-1           -1.8      -0.121897
-1           -1.6       -0.15223
-1           -1.4      -0.179803
-1           -1.2      -0.199879
-1             -1      -0.207554
-1           -0.8       -0.19879
-1           -0.6      -0.171497
-1           -0.4      -0.126356
-1           -0.2     -0.0670845
-1              0              0
-1            0.2      0.0670845
-1            0.4       0.126356
-1            0.6       0.171497
-1            0.8        0.19879
-1              1       0.207554
-1            1.2       0.199879
-1            1.4       0.179803
-1            1.6        0.15223
-1            1.8       0.121897
-1              2       0.092623
-1            2.2      0.0669434
-1            2.4      0.0461021
-1            2.6      0.0302925
-1            2.8      0.0190108
-1              3      0.0114044
-1            3.2     0.00654395
-1            3.4     0.00359364
-1            3.6     0.00188952
-1            3.8    0.000951602
-1              4    0.000459179
-0.8             -4   -0.000153926
-0.8           -3.8   -0.000318997
-0.8           -3.6   -0.000633407
-0.8           -3.4    -0.00120466
-0.8           -3.2    -0.00219367
-0.8             -3    -0.00382301
-0.8           -2.8    -0.00637283
-0.8           -2.6     -0.0101547
-0.8           -2.4     -0.0154544
-0.8           -2.2     -0.0224408
-0.8             -2     -0.0310492
-0.8           -1.8     -0.0408624
-0.8           -1.6     -0.0510307
-0.8           -1.4     -0.0602738
-0.8           -1.2     -0.0670036
-0.8             -1     -0.0695763
-0.8           -0.8     -0.0666384
-0.8           -0.6     -0.0574893
-0.8           -0.4      -0.042357
-0.8           -0.2     -0.0224881
-0.8              0              0
-0.8            0.2      0.0224881
-0.8            0.4       0.042357
-0.8            0.6      0.0574893
-0.8            0.8      0.0666384
-0.8              1      0.0695763
-0.8            1.2      0.0670036
-0.8            1.4      0.0602738
-0.8            1.6      0.0510307
-0.8            1.8      0.0408624
-0.8              2      0.0310492
-0.8            2.2      0.0224408
-0.8            2.4      0.0154544
-0.8            2.6      0.0101547
-0.8            2.8     0.00637283
-0.8              3     0.00382301
-0.8            3.2     0.00219367
-0.8            3.4     0.00120466
-0.8            3.6    0.000633407
-0.8            3.8    0.000318997
-0.8              4    0.000153926
-0.6             -4    0.000177057
-0.6           -3.8    0.000366934
-0.6           -3.6    0.000728592
-0.6           -3.4     0.00138569
-0.6           -3.2     0.00252332
-0.6             -3      0.0043975
-0.6           -2.8      0.0073305
-0.6           -2.6      0.0116807
-0.6           -2.4      0.0177768
-0.6           -2.2      0.0258131
-0.6             -2       0.035715
-0.6           -1.8       0.047003
-0.6           -1.6      0.0586993
-0.6           -1.4      0.0693313
-0.6           -1.2      0.0770725
-0.6             -1      0.0800318
-0.6           -0.8      0.0766524
-0.6           -0.6      0.0661284
-0.6           -0.4      0.0487222
-0.6           -0.2      0.0258675
-0.6              0             -0
-0.6            0.2     -0.0258675
-0.6            0.4     -0.0487222
-0.6            0.6     -0.0661284
-0.6            0.8     -0.0766524
-0.6              1     -0.0800318
-0.6            1.2     -0.0770725
-0.6            1.4     -0.0693313
-0.6            1.6     -0.0586993
-0.6            1.8      -0.047003
-0.6              2      -0.035715
-0.6            2.2     -0.0258131
-0.6            2.4     -0.0177768
-0.6            2.6     -0.0116807
-0.6            2.8     -0.0073305
-0.6              3     -0.0043975
-0.6            3.2    -0.00252332
-0.6            3.4    -0.00138569
-0.6            3.6   -0.000728592
-0.6            3.8   -0.000366934
-0.6              4   -0.000177057
-0.4             -4     0.00047522
-0.4           -3.8    0.000984845
-0.4           -3.6     0.00195553
-0.4           -3.4     0.00371918
-0.4           -3.2     0.00677256
-0.4             -3      0.0118028
-0.4           -2.8       0.019675
-0.4           -2.6      0.0313508
-0.4           -2.4      0.0477127
-0.4           -2.2       0.069282
-0.4             -2      0.0958587
-0.4           -1.8       0.126155
-0.4           -1.6       0.157548
-0.4           -1.4       0.186084
-0.4           -1.2       0.206861
-0.4             -1       0.214804
-0.4           -0.8       0.205734
-0.4           -0.6       0.177488
-0.4           -0.4        0.13077
-0.4           -0.2       0.069428
-0.4              0             -0
-0.4            0.2      -0.069428
-0.4            0.4       -0.13077
-0.4            0.6      -0.177488
-0.4            0.8      -0.205734
-0.4              1      -0.214804
-0.4            1.2      -0.206861
-0.4            1.4      -0.186084
-0.4            1.6      -0.157548
-0.4            1.8      -0.126155
-0.4              2     -0.0958587
-0.4            2.2      -0.069282
-0.4            2.4     -0.0477127
-0.4            2.6     -0.0313508
-0.4            2.8      -0.019675
-0.4              3     -0.0118028
-0.4            3.2    -0.00677256
-0.4            3.4    -0.00371918
-0.4            3.6    -0.00195553
-0.4            3.8   -0.000984845
-0.4              4    -0.00047522
-0.2             -4    0.000682702
-0.2           -3.8     0.00141483
-0.2           -3.6     0.00280932
-0.2           -3.4     0.00534298
-0.2           -3.2     0.00972947
-0.2             -3       0.016956
-0.2           -2.8      0.0282651
-0.2           -2.6      0.0450386
-0.2           -2.4      0.0685441
-0.2           -2.2      0.0995307
-0.2             -2       0.137711
-0.2           -1.8       0.181235
-0.2           -1.6       0.226334
-0.2           -1.4       0.267329
-0.2           -1.2       0.297178
-0.2             -1       0.308589
-0.2           -0.8       0.295558
-0.2           -0.6       0.254979
-0.2           -0.4       0.187864
-0.2           -0.2      0.0997404
-0.2              0             -0
-0.2            0.2     -0.0997404
-0.2            0.4      -0.187864
-0.2            0.6      -0.254979
-0.2            0.8      -0.295558
-0.2              1      -0.308589
-0.2            1.2      -0.297178
-0.2            1.4      -0.267329
-0.2            1.6      -0.226334
-0.2            1.8      -0.181235
-0.2              2      -0.137711
-0.2            2.2     -0.0995307
-0.2            2.4     -0.0685441
-0.2            2.6     -0.0450386
-0.2            2.8     -0.0282651
-0.2              3      -0.016956
-0.2            3.2    -0.00972947
-0.2            3.4    -0.00534298
-0.2            3.6    -0.00280932
-0.2            3.8    -0.00141483
-0.2              4   -0.000682702
0             -4    0.000757058
0           -3.8     0.00156893
0           -3.6      0.0031153
0           -3.4     0.00592491
0           -3.2      0.0107892
0             -3      0.0188027
0           -2.8      0.0313436
0           -2.6       0.049944
0           -2.4      0.0760096
0           -2.2       0.110371
0             -2        0.15271
0           -1.8       0.200974
0           -1.6       0.250985
0           -1.4       0.296445
0           -1.2       0.329545
0             -1       0.342198
0           -0.8       0.327749
0           -0.6        0.28275
0           -0.4       0.208325
0           -0.2       0.110604
0              0             -0
0            0.2      -0.110604
0            0.4      -0.208325
0            0.6       -0.28275
0            0.8      -0.327749
0              1      -0.342198
0            1.2      -0.329545
0            1.4      -0.296445
0            1.6      -0.250985
0            1.8      -0.200974
0              2       -0.15271
0            2.2      -0.110371
0            2.4     -0.0760096
0            2.6      -0.049944
0            2.8     -0.0313436
0              3     -0.0188027
0            3.2     -0.0107892
0            3.4    -0.00592491
0            3.6     -0.0031153
0            3.8    -0.00156893
0              4   -0.000757058
0.2             -4    0.000682702
0.2           -3.8     0.00141483
0.2           -3.6     0.00280932
0.2           -3.4     0.00534298
0.2           -3.2     0.00972947
0.2             -3       0.016956
0.2           -2.8      0.0282651
0.2           -2.6      0.0450386
0.2           -2.4      0.0685441
0.2           -2.2      0.0995307
0.2             -2       0.137711
0.2           -1.8       0.181235
0.2           -1.6       0.226334
0.2           -1.4       0.267329
0.2           -1.2       0.297178
0.2             -1       0.308589
0.2           -0.8       0.295558
0.2           -0.6       0.254979
0.2           -0.4       0.187864
0.2           -0.2      0.0997404
0.2              0             -0
0.2            0.2     -0.0997404
0.2            0.4      -0.187864
0.2            0.6      -0.254979
0.2            0.8      -0.295558
0.2              1      -0.308589
0.2            1.2      -0.297178
0.2            1.4      -0.267329
0.2            1.6      -0.226334
0.2            1.8      -0.181235
0.2              2      -0.137711
0.2            2.2     -0.0995307
0.2            2.4     -0.0685441
0.2            2.6     -0.0450386
0.2            2.8     -0.0282651
0.2              3      -0.016956
0.2            3.2    -0.00972947
0.2            3.4    -0.00534298
0.2            3.6    -0.00280932
0.2            3.8    -0.00141483
0.2              4   -0.000682702
0.4             -4     0.00047522
0.4           -3.8    0.000984845
0.4           -3.6     0.00195553
0.4           -3.4     0.00371918
0.4           -3.2     0.00677256
0.4             -3      0.0118028
0.4           -2.8       0.019675
0.4           -2.6      0.0313508
0.4           -2.4      0.0477127
0.4           -2.2       0.069282
0.4             -2      0.0958587
0.4           -1.8       0.126155
0.4           -1.6       0.157548
0.4           -1.4       0.186084
0.4           -1.2       0.206861
0.4             -1       0.214804
0.4           -0.8       0.205734
0.4           -0.6       0.177488
0.4           -0.4        0.13077
0.4           -0.2       0.069428
0.4              0             -0
0.4            0.2      -0.069428
0.4            0.4       -0.13077
0.4            0.6      -0.177488
0.4            0.8      -0.205734
0.4              1      -0.214804
0.4            1.2      -0.206861
0.4            1.4      -0.186084
0.4            1.6      -0.157548
0.4            1.8      -0.126155
0.4              2     -0.0958587
0.4            2.2      -0.069282
0.4            2.4     -0.0477127
0.4            2.6     -0.0313508
0.4            2.8      -0.019675
0.4              3     -0.0118028
0.4            3.2    -0.00677256
0.4            3.4    -0.00371918
0.4            3.6    -0.00195553
0.4            3.8   -0.000984845
0.4              4    -0.00047522
0.6             -4    0.000177057
0.6           -3.8    0.000366934
0.6           -3.6    0.000728592
0.6           -3.4     0.00138569
0.6           -3.2     0.00252332
0.6             -3      0.0043975
0.6           -2.8      0.0073305
0.6           -2.6      0.0116807
0.6           -2.4      0.0177768
0.6           -2.2      0.0258131
0.6             -2       0.035715
0.6           -1.8       0.047003
0.6           -1.6      0.0586993
0.6           -1.4      0.0693313
0.6           -1.2      0.0770725
0.6             -1      0.0800318
0.6           -0.8      0.0766524
0.6           -0.6      0.0661284
0.6           -0.4      0.0487222
0.6           -0.2      0.0258675
0.6              0             -0
0.6            0.2     -0.0258675
0.6            0.4     -0.0487222
0.6            0.6     -0.0661284
0.6            0.8     -0.0766524
0.6              1     -0.0800318
0.6            1.2     -0.0770725
0.6            1.4     -0.0693313
0.6            1.6     -0.0586993
0.6            1.8      -0.047003
0.6              2      -0.035715
0.6            2.2     -0.0258131
0.6            2.4     -0.0177768
0.6            2.6     -0.0116807
0.6            2.8     -0.0073305
0.6              3     -0.0043975
0.6            3.2    -0.00252332
0.6            3.4    -0.00138569
0.6            3.6   -0.000728592
0.6            3.8   -0.000366934
0.6              4   -0.000177057
0.8             -4   -0.000153926
0.8           -3.8   -0.000318997
0.8           -3.6   -0.000633407
0.8           -3.4    -0.00120466
0.8           -3.2    -0.00219367
0.8             -3    -0.00382301
0.8           -2.8    -0.00637283
0.8           -2.6     -0.0101547
0.8           -2.4     -0.0154544
0.8           -2.2     -0.0224408
0.8             -2     -0.0310492
0.8           -1.8     -0.0408624
0.8           -1.6     -0.0510307
0.8           -1.4     -0.0602738
0.8           -1.2     -0.0670036
0.8             -1     -0.0695763
0.8           -0.8     -0.0666384
0.8           -0.6     -0.0574893
0.8           -0.4      -0.042357
0.8           -0.2     -0.0224881
0.8              0              0
0.8            0.2      0.0224881
0.8            0.4       0.042357
0.8            0.6      0.0574893
0.8            0.8      0.0666384
0.8              1      0.0695763
0.8            1.2      0.0670036
0.8            1.4      0.0602738
0.8            1.6      0.0510307
0.8            1.8      0.0408624
0.8              2      0.0310492
0.8            2.2      0.0224408
0.8            2.4      0.0154544
0.8            2.6      0.0101547
0.8            2.8     0.00637283
0.8              3     0.00382301
0.8            3.2     0.00219367
0.8            3.4     0.00120466
0.8            3.6    0.000633407
0.8            3.8    0.000318997
0.8              4    0.000153926
1             -4   -0.000459179
1           -3.8   -0.000951602
1           -3.6    -0.00188952
1           -3.4    -0.00359364
1           -3.2    -0.00654395
1             -3     -0.0114044
1           -2.8     -0.0190108
1           -2.6     -0.0302925
1           -2.4     -0.0461021
1           -2.2     -0.0669434
1             -2      -0.092623
1           -1.8      -0.121897
1           -1.6       -0.15223
1           -1.4      -0.179803
1           -1.2      -0.199879
1             -1      -0.207554
1           -0.8       -0.19879
1           -0.6      -0.171497
1           -0.4      -0.126356
1           -0.2     -0.0670845
1              0              0
1            0.2      0.0670845
1            0.4       0.126356
1            0.6       0.171497
1            0.8        0.19879
1              1       0.207554
1            1.2       0.199879
1            1.4       0.179803
1            1.6        0.15223
1            1.8       0.121897
1              2       0.092623
1            2.2      0.0669434
1            2.4      0.0461021
1            2.6      0.0302925
1            2.8      0.0190108
1              3      0.0114044
1            3.2     0.00654395
1            3.4     0.00359364
1            3.6     0.00188952
1            3.8    0.000951602
1              4    0.000459179
1.2             -4   -0.000692779
1.2           -3.8    -0.00143572
1.2           -3.6    -0.00285079
1.2           -3.4    -0.00542185
1.2           -3.2    -0.00987309
1.2             -3     -0.0172063
1.2           -2.8     -0.0286823
1.2           -2.6     -0.0457034
1.2           -2.4     -0.0695559
1.2           -2.2         -0.101
1.2             -2      -0.139744
1.2           -1.8       -0.18391
1.2           -1.6      -0.229675
1.2           -1.4      -0.271275
1.2           -1.2      -0.301564
1.2             -1      -0.313144
1.2           -0.8      -0.299921
1.2           -0.6      -0.258743
1.2           -0.4      -0.190637
1.2           -0.2      -0.101213
1.2              0              0
1.2            0.2       0.101213
1.2            0.4       0.190637
1.2            0.6       0.258743
1.2            0.8       0.299921
1.2              1       0.313144
1.2            1.2       0.301564
1.2            1.4       0.271275
1.2            1.6       0.229675
1.2            1.8        0.18391
1.2              2       0.139744
1.2            2.2          0.101
1.2            2.4      0.0695559
1.2            2.6      0.0457034
1.2            2.8      0.0286823
1.2              3      0.0172063
1.2            3.2     0.00987309
1.2            3.4     0.00542185
1.2            3.6     0.00285079
1.2            3.8     0.00143572
1.2              4    0.000692779
1.4             -4   -0.000829666
1.4           -3.8     -0.0017194
1.4           -3.6    -0.00341408
1.4           -3.4    -0.00649316
1.4           -3.2     -0.0118239
1.4             -3     -0.0206061
1.4           -2.8     -0.0343497
1.4           -2.6      -0.054734
1.4           -2.4     -0.0832995
1.4           -2.2      -0.120957
1.4             -2      -0.167356
1.4           -1.8      -0.220249
1.4           -1.6      -0.275057
1.4           -1.4      -0.324877
1.4           -1.2      -0.361151
1.4             -1      -0.375018
1.4           -0.8      -0.359182
1.4           -0.6      -0.309869
1.4           -0.4      -0.228305
1.4           -0.2      -0.121211
1.4              0              0
1.4            0.2       0.121211
1.4            0.4       0.228305
1.4            0.6       0.309869
1.4            0.8       0.359182
1.4              1       0.375018
1.4            1.2       0.361151
1.4            1.4       0.324877
1.4            1.6       0.275057
1.4            1.8       0.220249
1.4              2       0.167356
1.4            2.2       0.120957
1.4            2.4      0.0832995
1.4            2.6       0.054734
1.4            2.8      0.0343497
1.4              3      0.0206061
1.4            3.2      0.0118239
1.4            3.4     0.00649316
1.4            3.6     0.00341408
1.4            3.8      0.0017194
1.4              4    0.000829666
1.6             -4    -0.00086722
1.6           -3.8    -0.00179723
1.6           -3.6    -0.00356861
1.6           -3.4    -0.00678707
1.6           -3.2     -0.0123591
1.6             -3     -0.0215388
1.6           -2.8     -0.0359045
1.6           -2.6     -0.0572115
1.6           -2.4       -0.08707
1.6           -2.2      -0.126432
1.6             -2      -0.174931
1.6           -1.8      -0.230219
1.6           -1.6      -0.287507
1.6           -1.4      -0.339582
1.6           -1.2      -0.377498
1.6             -1      -0.391993
1.6           -0.8       -0.37544
1.6           -0.6      -0.323895
1.6           -0.4      -0.238639
1.6           -0.2      -0.126698
1.6              0              0
1.6            0.2       0.126698
1.6            0.4       0.238639
1.6            0.6       0.323895
1.6            0.8        0.37544
1.6              1       0.391993
1.6            1.2       0.377498
1.6            1.4       0.339582
1.6            1.6       0.287507
1.6            1.8       0.230219
1.6              2       0.174931
1.6            2.2       0.126432
1.6            2.4        0.08707
1.6            2.6      0.0572115
1.6            2.8      0.0359045
1.6              3      0.0215388
1.6            3.2      0.0123591
1.6            3.4     0.00678707
1.6            3.6     0.00356861
1.6            3.8     0.00179723
1.6              4     0.00086722
1.8             -4   -0.000821018
1.8           -3.8    -0.00170148
1.8           -3.6    -0.00337849
1.8           -3.4    -0.00642548
1.8           -3.2     -0.0117007
1.8             -3     -0.0203913
1.8           -2.8     -0.0339916
1.8           -2.6     -0.0541635
1.8           -2.4     -0.0824312
1.8           -2.2      -0.119696
1.8             -2      -0.165611
1.8           -1.8      -0.217954
1.8           -1.6       -0.27219
1.8           -1.4       -0.32149
1.8           -1.2      -0.357386
1.8             -1      -0.371109
1.8           -0.8      -0.355438
1.8           -0.6      -0.306639
1.8           -0.4      -0.225925
1.8           -0.2      -0.119948
1.8              0              0
1.8            0.2       0.119948
1.8            0.4       0.225925
1.8            0.6       0.306639
1.8            0.8       0.355438
1.8              1       0.371109
1.8            1.2       0.357386
1.8            1.4        0.32149
1.8            1.6        0.27219
1.8            1.8       0.217954
1.8              2       0.165611
1.8            2.2       0.119696
1.8            2.4      0.0824312
1.8            2.6      0.0541635
1.8            2.8      0.0339916
1.8              3      0.0203913
1.8            3.2      0.0117007
1.8            3.4     0.00642548
1.8            3.6     0.00337849
1.8            3.8     0.00170148
1.8              4    0.000821018
2             -4   -0.000717197
2           -3.8    -0.00148632
2           -3.6    -0.00295127
2           -3.4    -0.00561295
2           -3.2     -0.0102211
2             -3     -0.0178127
2           -2.8     -0.0296933
2           -2.6     -0.0473143
2           -2.4     -0.0720074
2           -2.2       -0.10456
2             -2      -0.144669
2           -1.8      -0.190392
2           -1.6       -0.23777
2           -1.4      -0.280837
2           -1.2      -0.312193
2             -1      -0.324181
2           -0.8      -0.310492
2           -0.6      -0.267863
2           -0.4      -0.197356
2           -0.2       -0.10478
2              0              0
2            0.2        0.10478
2            0.4       0.197356
2            0.6       0.267863
2            0.8       0.310492
2              1       0.324181
2            1.2       0.312193
2            1.4       0.280837
2            1.6        0.23777
2            1.8       0.190392
2              2       0.144669
2            2.2        0.10456
2            2.4      0.0720074
2            2.6      0.0473143
2            2.8      0.0296933
2              3      0.0178127
2            3.2      0.0102211
2            3.4     0.00561295
2            3.6     0.00295127
2            3.8     0.00148632
2              4    0.000717197
2.2             -4   -0.000584327
2.2           -3.8    -0.00121096
2.2           -3.6    -0.00240451
2.2           -3.4    -0.00457308
2.2           -3.2    -0.00832749
2.2             -3     -0.0145127
2.2           -2.8     -0.0241922
2.2           -2.6     -0.0385487
2.2           -2.4     -0.0586672
2.2           -2.2     -0.0851887
2.2             -2      -0.117867
2.2           -1.8       -0.15512
2.2           -1.6       -0.19372
2.2           -1.4      -0.228808
2.2           -1.2      -0.254356
2.2             -1      -0.264122
2.2           -0.8      -0.252969
2.2           -0.6      -0.218238
2.2           -0.4      -0.160794
2.2           -0.2     -0.0853682
2.2              0              0
2.2            0.2      0.0853682
2.2            0.4       0.160794
2.2            0.6       0.218238
2.2            0.8       0.252969
2.2              1       0.264122
2.2            1.2       0.254356
2.2            1.4       0.228808
2.2            1.6        0.19372
2.2            1.8        0.15512
2.2              2       0.117867
2.2            2.2      0.0851887
2.2            2.4      0.0586672
2.2            2.6      0.0385487
2.2            2.8      0.0241922
2.2              3      0.0145127
2.2            3.2     0.00832749
2.2            3.4     0.00457308
2.2            3.6     0.00240451
2.2            3.8     0.00121096
2.2              4    0.000584327
2.4             -4   -0.000447071
2.4           -3.8    -0.00092651
2.4           -3.6     -0.0018397
2.4           -3.4    -0.00349888
2.4           -3.2     -0.0063714
2.4             -3     -0.0111037
2.4           -2.8     -0.0185096
2.4           -2.6     -0.0294938
2.4           -2.4     -0.0448865
2.4           -2.2     -0.0651783
2.4             -2     -0.0901807
2.4           -1.8      -0.118683
2.4           -1.6      -0.148216
2.4           -1.4      -0.175062
2.4           -1.2      -0.194609
2.4             -1      -0.202081
2.4           -0.8      -0.193548
2.4           -0.6      -0.166975
2.4           -0.4      -0.123024
2.4           -0.2     -0.0653156
2.4              0              0
2.4            0.2      0.0653156
2.4            0.4       0.123024
2.4            0.6       0.166975
2.4            0.8       0.193548
2.4              1       0.202081
2.4            1.2       0.194609
2.4            1.4       0.175062
2.4            1.6       0.148216
2.4            1.8       0.118683
2.4              2      0.0901807
2.4            2.2      0.0651783
2.4            2.4      0.0448865
2.4            2.6      0.0294938
2.4            2.8      0.0185096
2.4              3      0.0111037
2.4            3.2      0.0063714
2.4            3.4     0.00349888
2.4            3.6      0.0018397
2.4            3.8     0.00092651
2.4              4    0.000447071
2.6             -4   -0.000322714
2.6           -3.8   -0.000668793
2.6           -3.6    -0.00132797
2.6           -3.4    -0.00252564
2.6           -3.2    -0.00459914
2.6             -3    -0.00801512
2.6           -2.8      -0.013361
2.6           -2.6     -0.0212898
2.6           -2.4     -0.0324009
2.6           -2.2     -0.0470483
2.6             -2     -0.0650961
2.6           -1.8     -0.0856701
2.6           -1.6      -0.106988
2.6           -1.4      -0.126367
2.6           -1.2      -0.140476
2.6             -1       -0.14587
2.6           -0.8      -0.139711
2.6           -0.6      -0.120529
2.6           -0.4     -0.0888036
2.6           -0.2     -0.0471474
2.6              0              0
2.6            0.2      0.0471474
2.6            0.4      0.0888036
2.6            0.6       0.120529
2.6            0.8       0.139711
2.6              1        0.14587
2.6            1.2       0.140476
2.6            1.4       0.126367
2.6            1.6       0.106988
2.6            1.8      0.0856701
2.6              2      0.0650961
2.6            2.2      0.0470483
2.6            2.4      0.0324009
2.6            2.6      0.0212898
2.6            2.8       0.013361
2.6              3     0.00801512
2.6            3.2     0.00459914
2.6            3.4     0.00252564
2.6            3.6     0.00132797
2.6            3.8    0.000668793
2.6              4    0.000322714
2.8             -4   -0.000220506
2.8           -3.8   -0.000456977
2.8           -3.6   -0.000907384
2.8           -3.4    -0.00172573
2.8           -3.2    -0.00314253
2.8             -3    -0.00547662
2.8           -2.8    -0.00912936
2.8           -2.6      -0.014547
2.8           -2.4     -0.0221391
2.8           -2.2     -0.0321475
2.8             -2     -0.0444793
2.8           -1.8     -0.0585372
2.8           -1.6     -0.0731038
2.8           -1.4     -0.0863448
2.8           -1.2     -0.0959856
2.8             -1     -0.0996712
2.8           -0.8     -0.0954624
2.8           -0.6      -0.082356
2.8           -0.4     -0.0606783
2.8           -0.2     -0.0322152
2.8              0              0
2.8            0.2      0.0322152
2.8            0.4      0.0606783
2.8            0.6       0.082356
2.8            0.8      0.0954624
2.8              1      0.0996712
2.8            1.2      0.0959856
2.8            1.4      0.0863448
2.8            1.6      0.0731038
2.8            1.8      0.0585372
2.8              2      0.0444793
2.8            2.2      0.0321475
2.8            2.4      0.0221391
2.8            2.6       0.014547
2.8            2.8     0.00912936
2.8              3     0.00547662
2.8            3.2     0.00314253
2.8            3.4     0.00172573
2.8            3.6    0.000907384
2.8            3.8    0.000456977
2.8              4    0.000220506
3             -4   -0.000142973
3           -3.8   -0.000296296
3           -3.6   -0.000588333
3           -3.4    -0.00111894
3           -3.2    -0.00203756
3             -3    -0.00355095
3           -2.8    -0.00591933
3           -2.6    -0.00943207
3           -2.4     -0.0143546
3           -2.2     -0.0208439
3             -2     -0.0288396
3           -1.8     -0.0379546
3           -1.6     -0.0473993
3           -1.4     -0.0559846
3           -1.2     -0.0622355
3             -1     -0.0646252
3           -0.8     -0.0618963
3           -0.6     -0.0533983
3           -0.4     -0.0393428
3           -0.2     -0.0208878
3              0              0
3            0.2      0.0208878
3            0.4      0.0393428
3            0.6      0.0533983
3            0.8      0.0618963
3              1      0.0646252
3            1.2      0.0622355
3            1.4      0.0559846
3            1.6      0.0473993
3            1.8      0.0379546
3              2      0.0288396
3            2.2      0.0208439
3            2.4      0.0143546
3            2.6     0.00943207
3            2.8     0.00591933
3              3     0.00355095
3            3.2     0.00203756
3            3.4     0.00111894
3            3.6    0.000588333
3            3.8    0.000296296
3              4    0.000142973
3.2             -4   -8.81313e-05
3.2           -3.8   -0.000182643
3.2           -3.6   -0.000362661
3.2           -3.4   -0.000689736
3.2           -3.2      -0.001256
3.2             -3    -0.00218888
3.2           -2.8     -0.0036488
3.2           -2.6    -0.00581412
3.2           -2.4    -0.00884849
3.2           -2.2     -0.0128486
3.2             -2     -0.0177774
3.2           -1.8      -0.023396
3.2           -1.6     -0.0292179
3.2           -1.4     -0.0345101
3.2           -1.2     -0.0383633
3.2             -1     -0.0398363
3.2           -0.8     -0.0381542
3.2           -0.6     -0.0329158
3.2           -0.4     -0.0242517
3.2           -0.2     -0.0128757
3.2              0              0
3.2            0.2      0.0128757
3.2            0.4      0.0242517
3.2            0.6      0.0329158
3.2            0.8      0.0381542
3.2              1      0.0398363
3.2            1.2      0.0383633
3.2            1.4      0.0345101
3.2            1.6      0.0292179
3.2            1.8       0.023396
3.2              2      0.0177774
3.2            2.2      0.0128486
3.2            2.4     0.00884849
3.2            2.6     0.00581412
3.2            2.8      0.0036488
3.2              3     0.00218888
3.2            3.2       0.001256
3.2            3.4    0.000689736
3.2            3.6    0.000362661
3.2            3.8    0.000182643
3.2              4    8.81313e-05
3.4             -4    -5.1724e-05
3.4           -3.8   -0.000107193
3.4           -3.6   -0.000212844
3.4           -3.4   -0.000404804
3.4           -3.2   -0.000737141
3.4             -3    -0.00128465
3.4           -2.8    -0.00214147
3.4           -2.6    -0.00341229
3.4           -2.4    -0.00519315
3.4           -2.2    -0.00754081
3.4             -2     -0.0104335
3.4           -1.8      -0.013731
3.4           -1.6     -0.0171479
3.4           -1.4     -0.0202538
3.4           -1.2     -0.0225153
3.4             -1     -0.0233798
3.4           -0.8     -0.0223926
3.4           -0.6     -0.0193182
3.4           -0.4     -0.0142333
3.4           -0.2     -0.0075567
3.4              0              0
3.4            0.2      0.0075567
3.4            0.4      0.0142333
3.4            0.6      0.0193182
3.4            0.8      0.0223926
3.4              1      0.0233798
3.4            1.2      0.0225153
3.4            1.4      0.0202538
3.4            1.6      0.0171479
3.4            1.8       0.013731
3.4              2      0.0104335
3.4            2.2     0.00754081
3.4            2.4     0.00519315
3.4            2.6     0.00341229
3.4            2.8     0.00214147
3.4              3     0.00128465
3.4            3.2    0.000737141
3.4            3.4    0.000404804
3.4            3.6    0.000212844
3.4            3.8    0.000107193
3.4              4     5.1724e-05
3.6             -4   -2.89367e-05
3.6           -3.8   -5.99684e-05
3.6           -3.6   -0.000119075
3.6           -3.4   -0.000226465
3.6           -3.2   -0.000412389
3.6             -3   -0.000718689
3.6           -2.8    -0.00119803
3.6           -2.6    -0.00190899
3.6           -2.4    -0.00290528
3.6           -2.2    -0.00421866
3.6             -2    -0.00583695
3.6           -1.8    -0.00768175
3.6           -1.6     -0.0095933
3.6           -1.4     -0.0113309
3.6           -1.2      -0.012596
3.6             -1     -0.0130797
3.6           -0.8     -0.0125274
3.6           -0.6     -0.0108074
3.6           -0.4    -0.00796272
3.6           -0.2    -0.00422755
3.6              0              0
3.6            0.2     0.00422755
3.6            0.4     0.00796272
3.6            0.6      0.0108074
3.6            0.8      0.0125274
3.6              1      0.0130797
3.6            1.2       0.012596
3.6            1.4      0.0113309
3.6            1.6      0.0095933
3.6            1.8     0.00768175
3.6              2     0.00583695
3.6            2.2     0.00421866
3.6            2.4     0.00290528
3.6            2.6     0.00190899
3.6            2.8     0.00119803
3.6              3    0.000718689
3.6            3.2    0.000412389
3.6            3.4    0.000226465
3.6            3.6    0.000119075
3.6            3.8    5.99684e-05
3.6              4    2.89367e-05
3.8             -4    -1.5446e-05
3.8           -3.8   -3.20103e-05
3.8           -3.6   -6.35603e-05
3.8           -3.4   -0.000120884
3.8           -3.2   -0.000220127
3.8             -3   -0.000383626
3.8           -2.8   -0.000639492
3.8           -2.6    -0.00101899
3.8           -2.4     -0.0015508
3.8           -2.2    -0.00225186
3.8             -2    -0.00311568
3.8           -1.8    -0.00410041
3.8           -1.6    -0.00512076
3.8           -1.4    -0.00604827
3.8           -1.2    -0.00672358
3.8             -1    -0.00698175
3.8           -0.8    -0.00668694
3.8           -0.6    -0.00576886
3.8           -0.4    -0.00425038
3.8           -0.2    -0.00225661
3.8              0              0
3.8            0.2     0.00225661
3.8            0.4     0.00425038
3.8            0.6     0.00576886
3.8            0.8     0.00668694
3.8              1     0.00698175
3.8            1.2     0.00672358
3.8            1.4     0.00604827
3.8            1.6     0.00512076
3.8            1.8     0.00410041
3.8              2     0.00311568
3.8            2.2     0.00225186
3.8            2.4      0.0015508
3.8            2.6     0.00101899
3.8            2.8    0.000639492
3.8              3    0.000383626
3.8            3.2    0.000220127
3.8            3.4    0.000120884
3.8            3.6    6.35603e-05
3.8            3.8    3.20103e-05
3.8              4     1.5446e-05
4             -4   -7.87291e-06
4           -3.8   -1.63158e-05
4           -3.6    -3.2397e-05
4           -3.4   -6.16152e-05
4           -3.2     -0.0001122
4             -3   -0.000195536
4           -2.8   -0.000325953
4           -2.6   -0.000519384
4           -2.4   -0.000790449
4           -2.2    -0.00114779
4             -2    -0.00158808
4           -1.8       -0.00209
4           -1.6    -0.00261008
4           -1.4    -0.00308284
4           -1.2    -0.00342705
4             -1    -0.00355864
4           -0.8    -0.00340837
4           -0.6    -0.00294042
4           -0.4    -0.00216644
4           -0.2     -0.0011502
4              0              0
4            0.2      0.0011502
4            0.4     0.00216644
4            0.6     0.00294042
4            0.8     0.00340837
4              1     0.00355864
4            1.2     0.00342705
4            1.4     0.00308284
4            1.6     0.00261008
4            1.8        0.00209
4              2     0.00158808
4            2.2     0.00114779
4            2.4    0.000790449
4            2.6    0.000519384
4            2.8    0.000325953
4              3    0.000195536
4            3.2      0.0001122
4            3.4    6.16152e-05
4            3.6     3.2397e-05
4            3.8    1.63158e-05
4              4    7.87291e-06
